!  t (Gyr) =   0.0005
!-----------------------------------------------------------------------------------------------
! M/Ms  Teff     L/Ls   g    R/Rs   Li/Li0    g_p1        r_p1        i_p1        y_p1        z_p1
!-----------------------------------------------------------------------------------------------
 0.010  2387.   -2.47  3.38  0.339    1.000  17.16  16.24  12.71  11.01   9.87  
 0.015  2514.   -2.21  3.38  0.413    1.000  15.80  15.11  11.65  10.13   9.12  
 0.020  2594.   -2.05  3.40  0.466    1.000  15.00  14.38  11.03   9.61   8.68  
 0.030  2668.   -1.79  3.36  0.599    1.000  14.02  13.42  10.19   8.86   7.99  
 0.040  2733.   -1.66  3.40  0.661    1.000  13.43  12.80   9.73   8.46   7.65  
 0.050  2762.   -1.48  3.34  0.791    1.000  12.91  12.30   9.26   8.01   7.21  
 0.060  2808.   -1.40  3.37  0.841    1.000  12.55  11.92   8.97   7.76   7.00  
 0.070  2835.   -1.33  3.37  0.900    1.000  12.31  11.69   8.76   7.57   6.81  
 0.072  2832.   -1.29  3.35  0.937    1.000  12.24  11.63   8.69   7.49   6.73  
 0.075  2836.   -1.27  3.34  0.966    1.000  12.17  11.56   8.62   7.42   6.66  
 0.080  2837.   -1.20  3.31  1.040    1.000  12.02  11.42   8.47   7.26   6.50  
 0.090  2864.   -1.13  3.31  1.101    1.000  11.80  11.22   8.28   7.09   6.34  
 0.100  2925.   -1.15  3.41  1.033    1.000  11.66  11.06   8.23   7.09   6.38  
 0.110  2945.   -1.07  3.38  1.115    1.000  11.42  10.82   8.02   6.89   6.19  
 0.130  3006.   -0.93  3.34  1.270    1.000  10.88  10.30   7.58   6.49   5.82  
 0.150  3076.   -0.79  3.31  1.412    1.000  10.33   9.72   7.15   6.12   5.51  
 0.170  3139.   -0.67  3.28  1.565    1.000   9.87   9.23   6.78   5.80   5.21  
 0.200  3220.   -0.54  3.26  1.728    1.000   9.38   8.71   6.39   5.45   4.91  
 0.300  3460.   -0.20  3.23  2.203    1.000   7.99   7.21   5.34   4.57   4.15  
 0.400  3670.   -0.05  3.30  2.338    1.000   7.12   6.20   4.77   4.16   3.83  
 0.500  3848.    0.07  3.36  2.444    1.000   6.40   5.36   4.30   3.81   3.53  
 0.600  3987.    0.16  3.41  2.524    1.000   5.95   4.86   3.99   3.57   3.32  
 0.700  4110.    0.26  3.43  2.657    1.000   5.63   4.41   3.69   3.31   3.08  
 0.800  4221.    0.35  3.44  2.805    1.000   5.25   4.05   3.41   3.07   2.85  
 0.900  4315.    0.43  3.45  2.944    1.000   4.93   3.77   3.18   2.86   2.66  
 1.000  4397.    0.50  3.46  3.079    1.000   4.67   3.54   2.98   2.67   2.48  
 1.100  4471.    0.57  3.47  3.209    1.000   4.43   3.34   2.81   2.51   2.33  
 1.200  4537.    0.63  3.47  3.344    1.000   4.22   3.16   2.64   2.36   2.18  
 1.300  4596.    0.68  3.47  3.469    1.000   4.03   3.00   2.50   2.22   2.05  
 1.400  4647.    0.74  3.47  3.601    1.000   3.86   2.85   2.36   2.09   1.93  
!-----------------------------------------------------------------------------------------------



!  t (Gyr) =   0.0010
!-----------------------------------------------------------------------------------------------
! M/Ms  Teff     L/Ls   g    R/Rs   Li/Li0    g_p1        r_p1        i_p1        y_p1        z_p1
!-----------------------------------------------------------------------------------------------
 0.010  2345.   -2.70  3.57  0.271    1.000  18.06  16.85  13.43  11.67  10.49  
 0.015  2504.   -2.42  3.59  0.326    1.000  16.39  15.65  12.19  10.66   9.66  
 0.020  2598.   -2.25  3.60  0.372    1.000  15.47  14.80  11.48  10.07   9.17  
 0.030  2710.   -1.98  3.58  0.467    1.000  14.29  13.61  10.54   9.26   8.45  
 0.040  2779.   -1.81  3.58  0.536    1.000  13.61  12.92   9.99   8.78   8.03  
 0.050  2824.   -1.65  3.54  0.628    1.000  13.07  12.40   9.52   8.34   7.61  
 0.060  2864.   -1.53  3.52  0.702    1.000  12.68  12.03   9.18   8.02   7.31  
 0.070  2897.   -1.41  3.50  0.781    1.000  12.34  11.71   8.88   7.74   7.03  
 0.072  2896.   -1.39  3.49  0.803    1.000  12.29  11.66   8.83   7.68   6.97  
 0.075  2897.   -1.36  3.48  0.829    1.000  12.22  11.60   8.76   7.61   6.90  
 0.080  2898.   -1.31  3.45  0.877    1.000  12.11  11.49   8.64   7.49   6.78  
 0.090  2908.   -1.23  3.43  0.959    1.000  11.89  11.28   8.43   7.28   6.57  
 0.100  2936.   -1.17  3.44  1.002    1.000  11.66  11.06   8.26   7.13   6.43  
 0.110  2955.   -1.10  3.41  1.079    1.000  11.43  10.84   8.05   6.93   6.24  
 0.130  3012.   -0.96  3.38  1.214    1.000  10.93  10.34   7.64   6.56   5.91  
 0.150  3078.   -0.85  3.37  1.327    1.000  10.43   9.82   7.26   6.24   5.63  
 0.170  3142.   -0.73  3.34  1.465    1.000   9.97   9.34   6.90   5.92   5.34  
 0.200  3226.   -0.66  3.38  1.503    1.000   9.59   8.93   6.64   5.72   5.19  
 0.300  3428.   -0.48  3.49  1.636    1.000   8.67   7.93   6.00   5.22   4.79  
 0.400  3634.   -0.32  3.55  1.753    1.000   7.77   6.82   5.40   4.78   4.45  
 0.500  3802.   -0.18  3.59  1.870    1.000   7.11   6.10   4.95   4.43   4.15  
 0.600  3955.   -0.07  3.63  1.971    1.000   6.57   5.50   4.58   4.13   3.88  
 0.700  4078.    0.04  3.64  2.096    1.000   6.21   5.02   4.25   3.85   3.62  
 0.800  4192.    0.13  3.66  2.200    1.000   5.85   4.64   3.97   3.62   3.41  
 0.900  4290.    0.21  3.66  2.310    1.000   5.52   4.34   3.74   3.41   3.21  
 1.000  4377.    0.28  3.67  2.416    1.000   5.24   4.10   3.53   3.22   3.03  
 1.100  4456.    0.35  3.68  2.520    1.000   4.99   3.88   3.34   3.05   2.86  
 1.200  4529.    0.41  3.68  2.612    0.999   4.77   3.70   3.18   2.90   2.72  
 1.300  4596.    0.47  3.69  2.710    0.998   4.56   3.53   3.03   2.75   2.58  
 1.400  4658.    0.52  3.69  2.797    0.998   4.39   3.38   2.89   2.62   2.46  
!-----------------------------------------------------------------------------------------------



!  t (Gyr) =   0.0020
!-----------------------------------------------------------------------------------------------
! M/Ms  Teff     L/Ls   g    R/Rs   Li/Li0    g_p1        r_p1        i_p1        y_p1        z_p1
!-----------------------------------------------------------------------------------------------
 0.010  2236.   -2.96  3.75  0.220    1.000  19.50  17.71  14.52  12.57  11.29  
 0.015  2452.   -2.65  3.78  0.262    1.000  17.30  16.40  12.93  11.31  10.27  
 0.020  2571.   -2.46  3.79  0.298    1.000  16.17  15.44  12.08  10.63   9.71  
 0.030  2707.   -2.14  3.74  0.387    1.000  14.73  14.02  10.95   9.67   8.87  
 0.040  2784.   -1.90  3.68  0.481    1.000  13.82  13.11  10.20   9.00   8.26  
 0.050  2829.   -1.72  3.62  0.574    1.000  13.23  12.55   9.69   8.52   7.80  
 0.060  2867.   -1.58  3.57  0.661    1.000  12.79  12.13   9.30   8.14   7.43  
 0.070  2902.   -1.45  3.54  0.743    1.000  12.42  11.78   8.97   7.83   7.13  
 0.072  2907.   -1.43  3.53  0.761    1.000  12.35  11.71   8.90   7.77   7.07  
 0.075  2914.   -1.40  3.52  0.785    1.000  12.25  11.62   8.82   7.69   6.99  
 0.080  2924.   -1.35  3.51  0.827    1.000  12.10  11.47   8.68   7.55   6.86  
 0.090  2934.   -1.26  3.48  0.904    1.000  11.87  11.26   8.47   7.35   6.65  
 0.100  2972.   -1.26  3.54  0.890    1.000  11.72  11.10   8.38   7.29   6.63  
 0.110  2996.   -1.21  3.55  0.922    1.000  11.53  10.92   8.23   7.16   6.51  
 0.130  3034.   -1.15  3.59  0.959    1.000  11.24  10.62   8.03   6.99   6.38  
 0.150  3076.   -1.10  3.62  0.990    1.000  10.95  10.31   7.83   6.83   6.25  
 0.170  3126.   -1.02  3.62  1.060    1.000  10.60   9.95   7.55   6.59   6.04  
 0.200  3202.   -0.96  3.67  1.077    1.000  10.26   9.58   7.33   6.42   5.91  
 0.300  3428.   -0.72  3.73  1.238    1.000   9.18   8.38   6.55   5.78   5.37  
 0.400  3606.   -0.55  3.77  1.363    1.000   8.36   7.42   5.97   5.33   5.00  
 0.500  3763.   -0.41  3.80  1.476    1.000   7.72   6.72   5.51   4.97   4.68  
 0.600  3906.   -0.29  3.83  1.562    1.000   7.20   6.14   5.15   4.68   4.42  
 0.700  4033.   -0.18  3.84  1.659    0.999   6.78   5.65   4.82   4.41   4.17  
 0.800  4153.   -0.09  3.86  1.748    0.996   6.45   5.24   4.52   4.16   3.94  
 0.900  4259.   -0.00  3.87  1.833    0.986   6.10   4.91   4.28   3.94   3.73  
 1.000  4350.    0.07  3.87  1.917    0.973   5.81   4.65   4.06   3.75   3.55  
 1.100  4432.    0.14  3.88  1.995    0.969   5.55   4.43   3.88   3.58   3.39  
 1.200  4508.    0.20  3.88  2.072    0.972   5.31   4.23   3.70   3.42   3.24  
 1.300  4581.    0.26  3.89  2.148    0.977   5.10   4.05   3.54   3.27   3.10  
 1.400  4653.    0.32  3.89  2.220    0.983   4.90   3.88   3.40   3.13   2.97  
!-----------------------------------------------------------------------------------------------



!  t (Gyr) =   0.0030
!-----------------------------------------------------------------------------------------------
! M/Ms  Teff     L/Ls   g    R/Rs   Li/Li0    g_p1        r_p1        i_p1        y_p1        z_p1
!-----------------------------------------------------------------------------------------------
 0.010  2142.   -3.13  3.85  0.198    1.000  20.41  18.15  15.25  13.18  11.83  
 0.015  2406.   -2.79  3.88  0.232    1.000  17.96  16.89  13.44  11.74  10.65  
 0.020  2545.   -2.57  3.89  0.267    1.000  16.60  15.85  12.44  10.95  10.01  
 0.030  2706.   -2.17  3.77  0.373    1.000  14.82  14.11  11.03   9.75   8.95  
 0.040  2784.   -1.92  3.69  0.470    1.000  13.86  13.16  10.24   9.04   8.30  
 0.050  2831.   -1.74  3.64  0.559    1.000  13.28  12.59   9.74   8.57   7.85  
 0.060  2870.   -1.61  3.61  0.634    1.000  12.87  12.20   9.38   8.23   7.52  
 0.070  2906.   -1.51  3.60  0.695    1.000  12.53  11.87   9.09   7.96   7.27  
 0.072  2911.   -1.49  3.59  0.710    1.000  12.46  11.81   9.03   7.90   7.21  
 0.075  2919.   -1.46  3.59  0.727    1.000  12.38  11.73   8.96   7.83   7.15  
 0.080  2931.   -1.42  3.58  0.758    1.000  12.23  11.59   8.83   7.72   7.04  
 0.090  2956.   -1.36  3.59  0.794    1.000  12.02  11.39   8.66   7.56   6.90  
 0.100  2998.   -1.44  3.74  0.710    1.000  12.03  11.37   8.75   7.70   7.07  
 0.110  3016.   -1.39  3.75  0.736    1.000  11.85  11.19   8.62   7.58   6.97  
 0.130  3052.   -1.32  3.76  0.783    1.000  11.53  10.86   8.37   7.37   6.79  
 0.150  3088.   -1.25  3.78  0.827    1.000  11.23  10.54   8.15   7.18   6.62  
 0.170  3127.   -1.18  3.78  0.882    1.000  10.93  10.24   7.91   6.97   6.44  
 0.200  3196.   -1.10  3.81  0.917    1.000  10.58   9.86   7.66   6.76   6.27  
 0.300  3404.   -0.86  3.86  1.067    1.000   9.53   8.71   6.88   6.12   5.71  
 0.400  3582.   -0.68  3.89  1.186    1.000   8.71   7.78   6.29   5.65   5.31  
 0.500  3731.   -0.54  3.91  1.292    1.000   8.09   7.10   5.85   5.28   4.99  
 0.600  3868.   -0.42  3.94  1.374    0.996   7.58   6.53   5.48   4.99   4.73  
 0.700  3998.   -0.31  3.96  1.458    0.978   7.11   6.03   5.15   4.72   4.48  
 0.800  4120.   -0.21  3.97  1.535    0.918   6.81   5.60   4.85   4.47   4.25  
 0.900  4232.   -0.13  3.98  1.604    0.873   6.46   5.26   4.60   4.26   4.05  
 1.000  4330.   -0.05  3.99  1.674    0.875   6.15   4.98   4.38   4.06   3.86  
 1.100  4421.    0.02  3.99  1.747    0.899   5.86   4.73   4.18   3.87   3.69  
 1.200  4505.    0.09  4.00  1.817    0.925   5.61   4.52   3.99   3.70   3.52  
 1.300  4588.    0.15  4.00  1.887    0.947   5.37   4.32   3.82   3.54   3.37  
 1.400  4671.    0.22  4.00  1.967    0.965   5.13   4.12   3.64   3.37   3.21  
!-----------------------------------------------------------------------------------------------



!  t (Gyr) =   0.0040
!-----------------------------------------------------------------------------------------------
! M/Ms  Teff     L/Ls   g    R/Rs   Li/Li0    g_p1        r_p1        i_p1        y_p1        z_p1
!-----------------------------------------------------------------------------------------------
 0.010  2053.   -3.27  3.91  0.184    1.000  21.40  18.62  15.93  13.77  12.29  
 0.015  2362.   -2.89  3.95  0.215    1.000  18.54  17.24  13.86  12.09  10.95  
 0.020  2535.   -2.61  3.92  0.257    1.000  16.77  16.01  12.58  11.07  10.12  
 0.030  2705.   -2.19  3.78  0.367    1.000  14.85  14.14  11.06   9.79   8.99  
 0.040  2785.   -1.95  3.72  0.457    1.000  13.92  13.21  10.30   9.10   8.36  
 0.050  2834.   -1.78  3.68  0.534    1.000  13.36  12.67   9.82   8.66   7.95  
 0.060  2875.   -1.68  3.69  0.582    1.000  13.02  12.33   9.53   8.39   7.70  
 0.070  2914.   -1.64  3.73  0.595    1.000  12.79  12.10   9.37   8.26   7.59  
 0.072  2921.   -1.63  3.74  0.601    1.000  12.74  12.05   9.33   8.22   7.56  
 0.075  2931.   -1.61  3.75  0.606    1.000  12.67  11.99   9.28   8.18   7.52  
 0.080  2946.   -1.58  3.75  0.625    1.000  12.53  11.86   9.17   8.08   7.43  
 0.090  2976.   -1.53  3.77  0.647    1.000  12.31  11.64   9.00   7.94   7.31  
 0.100  3013.   -1.55  3.86  0.614    1.000  12.22  11.54   8.99   7.96   7.36  
 0.110  3035.   -1.51  3.87  0.639    1.000  12.02  11.33   8.84   7.83   7.25  
 0.130  3075.   -1.42  3.88  0.688    1.000  11.66  10.95   8.56   7.59   7.04  
 0.150  3113.   -1.35  3.89  0.729    1.000  11.36  10.63   8.33   7.39   6.86  
 0.170  3145.   -1.27  3.88  0.782    1.000  11.09  10.36   8.11   7.18   6.67  
 0.200  3206.   -1.19  3.91  0.822    1.000  10.75  10.00   7.85   6.97   6.49  
 0.300  3389.   -0.95  3.94  0.969    1.000   9.76   8.92   7.10   6.33   5.93  
 0.400  3560.   -0.78  3.97  1.078    1.000   8.97   8.04   6.53   5.87   5.53  
 0.500  3704.   -0.63  4.00  1.173    0.995   8.37   7.38   6.09   5.51   5.21  
 0.600  3842.   -0.51  4.02  1.258    0.966   7.83   6.80   5.71   5.21   4.94  
 0.700  3976.   -0.40  4.03  1.334    0.836   7.36   6.28   5.38   4.94   4.69  
 0.800  4096.   -0.30  4.05  1.400    0.712   7.06   5.86   5.08   4.69   4.46  
 0.900  4212.   -0.22  4.06  1.465    0.718   6.70   5.50   4.82   4.47   4.26  
 1.000  4315.   -0.14  4.07  1.527    0.761   6.38   5.21   4.60   4.27   4.07  
 1.100  4417.   -0.06  4.07  1.601    0.826   6.07   4.93   4.37   4.07   3.88  
 1.200  4513.    0.02  4.07  1.669    0.879   5.78   4.69   4.17   3.88   3.70  
 1.300  4609.    0.09  4.07  1.740    0.922   5.51   4.47   3.97   3.69   3.53  
 1.400  4710.    0.16  4.07  1.815    0.952   5.23   4.24   3.77   3.51   3.35  
!-----------------------------------------------------------------------------------------------



!  t (Gyr) =   0.0050
!-----------------------------------------------------------------------------------------------
! M/Ms  Teff     L/Ls   g    R/Rs   Li/Li0    g_p1        r_p1        i_p1        y_p1        z_p1
!-----------------------------------------------------------------------------------------------
 0.010  1961.   -3.39  3.95  0.176    1.000  22.16  19.05  16.54  14.40  12.84  
 0.015  2330.   -2.96  3.99  0.204    1.000  18.95  17.48  14.15  12.33  11.15  
 0.020  2531.   -2.62  3.93  0.254    1.000  16.82  16.06  12.62  11.11  10.15  
 0.030  2705.   -2.20  3.80  0.362    1.000  14.89  14.18  11.10   9.82   9.02  
 0.040  2785.   -1.98  3.75  0.440    1.000  14.00  13.28  10.38   9.18   8.45  
 0.050  2841.   -1.85  3.76  0.489    1.000  13.52  12.81   9.99   8.83   8.13  
 0.060  2890.   -1.81  3.82  0.496    1.000  13.27  12.55   9.81   8.69   8.02  
 0.070  2928.   -1.76  3.87  0.511    1.000  13.02  12.30   9.63   8.54   7.90  
 0.072  2934.   -1.75  3.87  0.518    1.000  12.96  12.25   9.58   8.50   7.86  
 0.075  2944.   -1.73  3.87  0.525    1.000  12.89  12.18   9.53   8.45   7.81  
 0.080  2959.   -1.69  3.87  0.541    1.000  12.75  12.04   9.41   8.35   7.72  
 0.090  2992.   -1.64  3.89  0.566    1.000  12.50  11.81   9.22   8.18   7.57  
 0.100  3027.   -1.63  3.95  0.554    1.000  12.34  11.63   9.15   8.14   7.57  
 0.110  3052.   -1.58  3.95  0.580    1.000  12.12  11.40   8.98   7.99   7.44  
 0.130  3098.   -1.49  3.96  0.627    1.000  11.71  10.97   8.68   7.73   7.21  
 0.150  3136.   -1.41  3.96  0.669    1.000  11.43  10.68   8.45   7.53   7.02  
 0.170  3169.   -1.34  3.96  0.713    1.000  11.17  10.42   8.23   7.33   6.84  
 0.200  3220.   -1.26  3.98  0.758    1.000  10.85  10.07   7.98   7.11   6.65  
 0.300  3379.   -1.02  4.01  0.899    1.000   9.92   9.07   7.26   6.50   6.10  
 0.400  3546.   -0.84  4.03  1.006    0.998   9.15   8.22   6.70   6.03   5.69  
 0.500  3696.   -0.70  4.06  1.095    0.975   8.53   7.53   6.24   5.67   5.36  
 0.600  3830.   -0.57  4.08  1.173    0.834   8.01   6.97   5.87   5.37   5.10  
 0.700  3960.   -0.47  4.09  1.243    0.547   7.55   6.47   5.55   5.10   4.86  
 0.800  4081.   -0.37  4.11  1.306    0.517   7.24   6.05   5.25   4.86   4.63  
 0.900  4198.   -0.28  4.12  1.366    0.567   6.89   5.68   4.99   4.64   4.42  
 1.000  4310.   -0.20  4.13  1.429    0.658   6.54   5.36   4.75   4.42   4.22  
 1.100  4422.   -0.12  4.13  1.494    0.755   6.21   5.07   4.51   4.21   4.02  
 1.200  4531.   -0.03  4.13  1.569    0.842   5.88   4.80   4.28   3.99   3.82  
 1.300  4644.    0.05  4.12  1.643    0.904   5.57   4.55   4.05   3.79   3.62  
 1.400  4771.    0.14  4.11  1.719    0.944   5.25   4.29   3.83   3.57   3.42  
!-----------------------------------------------------------------------------------------------



!  t (Gyr) =   0.0080
!-----------------------------------------------------------------------------------------------
! M/Ms  Teff     L/Ls   g    R/Rs   Li/Li0    g_p1        r_p1        i_p1        y_p1        z_p1
!-----------------------------------------------------------------------------------------------
 0.010  1714.   -3.70  4.02  0.161    1.000  22.87  19.57  17.41  15.78  14.52  
 0.015  2280.   -3.05  4.05  0.192    1.000  19.55  17.77  14.56  12.65  11.41  
 0.020  2525.   -2.65  3.95  0.248    1.000  16.92  16.15  12.70  11.18  10.21  
 0.030  2699.   -2.29  3.88  0.329    1.000  15.14  14.41  11.32  10.04   9.24  
 0.040  2784.   -2.22  4.00  0.333    1.000  14.60  13.85  10.96   9.78   9.06  
 0.050  2849.   -2.13  4.04  0.353    1.000  14.16  13.38  10.62   9.49   8.82  
 0.060  2903.   -2.05  4.07  0.375    1.000  13.77  12.99  10.34   9.25   8.61  
 0.070  2948.   -1.97  4.09  0.396    1.000  13.44  12.68  10.09   9.03   8.42  
 0.072  2956.   -1.96  4.09  0.401    1.000  13.37  12.61  10.04   8.98   8.37  
 0.075  2968.   -1.93  4.09  0.411    1.000  13.26  12.51   9.95   8.91   8.30  
 0.080  2986.   -1.89  4.09  0.424    1.000  13.10  12.36   9.83   8.80   8.21  
 0.090  3017.   -1.83  4.09  0.445    1.000  12.84  12.10   9.63   8.63   8.05  
 0.100  3045.   -1.80  4.13  0.453    1.000  12.66  11.89   9.51   8.53   7.98  
 0.110  3069.   -1.74  4.12  0.477    1.000  12.42  11.65   9.33   8.37   7.84  
 0.130  3115.   -1.64  4.12  0.517    1.000  12.02  11.23   9.02   8.11   7.60  
 0.150  3155.   -1.56  4.13  0.554    1.000  11.72  10.92   8.78   7.89   7.40  
 0.170  3192.   -1.48  4.12  0.593    1.000  11.44  10.63   8.55   7.68   7.21  
 0.200  3234.   -1.40  4.13  0.637    1.000  11.14  10.31   8.30   7.46   7.01  
 0.300  3364.   -1.17  4.15  0.765    0.996  10.29   9.41   7.62   6.86   6.46  
 0.400  3518.   -0.99  4.17  0.864    0.926   9.54   8.59   7.06   6.39   6.04  
 0.500  3669.   -0.84  4.19  0.944    0.449   8.90   7.89   6.59   6.01   5.70  
 0.600  3798.   -0.72  4.21  1.010    0.087   8.41   7.36   6.24   5.71   5.44  
 0.700  3923.   -0.61  4.22  1.071    0.104   7.96   6.87   5.91   5.45   5.20  
 0.800  4049.   -0.51  4.23  1.133    0.173   7.59   6.43   5.60   5.19   4.96  
 0.900  4184.   -0.41  4.24  1.192    0.282   7.22   6.01   5.30   4.94   4.73  
 1.000  4327.   -0.30  4.24  1.256    0.448   6.79   5.61   5.00   4.68   4.48  
 1.100  4481.   -0.20  4.24  1.321    0.630   6.36   5.25   4.71   4.42   4.24  
 1.200  4647.   -0.09  4.23  1.398    0.785   5.92   4.89   4.40   4.13   3.97  
 1.300  4837.    0.04  4.21  1.489    0.882   5.46   4.52   4.07   3.83   3.68  
 1.400  5064.    0.18  4.17  1.602    0.938   4.96   4.11   3.70   3.48   3.36  
!-----------------------------------------------------------------------------------------------



!  t (Gyr) =   0.0100
!-----------------------------------------------------------------------------------------------
! M/Ms  Teff     L/Ls   g    R/Rs   Li/Li0    g_p1        r_p1        i_p1        y_p1        z_p1
!-----------------------------------------------------------------------------------------------
 0.010  1570.   -3.87  4.05  0.156    1.000  22.99  19.67  17.52  15.97  14.91  
 0.015  2261.   -3.08  4.06  0.189    1.000  19.76  17.86  14.70  12.76  11.51  
 0.020  2519.   -2.67  3.96  0.244    1.000  16.99  16.22  12.76  11.23  10.26  
 0.030  2682.   -2.43  4.01  0.283    1.000  15.58  14.83  11.71  10.41   9.60  
 0.040  2768.   -2.35  4.11  0.292    1.000  15.01  14.20  11.29  10.09   9.36  
 0.050  2843.   -2.23  4.14  0.315    1.000  14.47  13.63  10.88   9.75   9.07  
 0.060  2900.   -2.15  4.16  0.335    1.000  14.02  13.22  10.58   9.49   8.85  
 0.070  2946.   -2.06  4.18  0.358    1.000  13.66  12.88  10.30   9.25   8.64  
 0.072  2954.   -2.04  4.18  0.363    1.000  13.59  12.81  10.25   9.20   8.60  
 0.075  2967.   -2.02  4.18  0.369    1.000  13.49  12.72  10.17   9.13   8.54  
 0.080  2987.   -1.98  4.17  0.383    1.000  13.31  12.55  10.04   9.01   8.43  
 0.090  3021.   -1.91  4.18  0.405    1.000  13.02  12.25   9.82   8.82   8.26  
 0.100  3050.   -1.87  4.20  0.416    1.000  12.80  12.01   9.67   8.70   8.16  
 0.110  3075.   -1.82  4.20  0.435    1.000  12.57  11.77   9.49   8.55   8.03  
 0.130  3118.   -1.72  4.20  0.475    1.000  12.18  11.36   9.19   8.28   7.78  
 0.150  3159.   -1.64  4.20  0.509    1.000  11.88  11.05   8.95   8.06   7.59  
 0.170  3197.   -1.56  4.20  0.544    1.000  11.59  10.75   8.71   7.85   7.39  
 0.200  3240.   -1.47  4.20  0.587    1.000  11.27  10.42   8.45   7.62   7.17  
 0.300  3363.   -1.23  4.21  0.713    0.979  10.43   9.54   7.77   7.01   6.61  
 0.400  3508.   -1.05  4.23  0.805    0.663   9.71   8.75   7.22   6.55   6.20  
 0.500  3651.   -0.91  4.25  0.880    0.024   9.10   8.08   6.77   6.18   5.87  
 0.600  3781.   -0.79  4.27  0.942    0.020   8.59   7.54   6.40   5.88   5.60  
 0.700  3908.   -0.67  4.28  1.005    0.036   8.13   7.04   6.07   5.60   5.35  
 0.800  4041.   -0.57  4.29  1.064    0.086   7.73   6.59   5.75   5.33   5.10  
 0.900  4191.   -0.46  4.29  1.121    0.191   7.34   6.13   5.42   5.06   4.85  
 1.000  4363.   -0.34  4.29  1.189    0.383   6.84   5.67   5.08   4.76   4.57  
 1.100  4553.   -0.21  4.28  1.259    0.597   6.33   5.25   4.73   4.45   4.28  
 1.200  4768.   -0.07  4.26  1.347    0.774   5.79   4.82   4.36   4.10   3.95  
 1.300  5038.    0.09  4.22  1.459    0.880   5.20   4.34   3.93   3.70   3.58  
 1.400  5363.    0.29  4.16  1.624    0.938   4.54   3.79   3.42   3.23   3.13  
!-----------------------------------------------------------------------------------------------



!  t (Gyr) =   0.0150
!-----------------------------------------------------------------------------------------------
! M/Ms  Teff     L/Ls   g    R/Rs   Li/Li0    g_p1        r_p1        i_p1        y_p1        z_p1
!-----------------------------------------------------------------------------------------------
 0.015  2237.   -3.11  4.08  0.185    1.000  20.04  17.99  14.89  12.91  11.63  
 0.020  2495.   -2.74  4.02  0.229    1.000  17.33  16.52  13.02  11.45  10.45  
 0.030  2614.   -2.69  4.22  0.222    1.000  16.72  15.77  12.50  11.11  10.22  
 0.040  2721.   -2.55  4.28  0.240    1.000  15.67  14.84  11.85  10.61   9.86  
 0.050  2827.   -2.41  4.30  0.261    1.000  15.04  14.07  11.32  10.18   9.49  
 0.060  2892.   -2.30  4.32  0.282    1.000  14.44  13.60  10.96   9.87   9.24  
 0.070  2943.   -2.21  4.32  0.302    1.000  14.03  13.21  10.66   9.61   9.01  
 0.072  2952.   -2.19  4.32  0.307    1.000  13.95  13.14  10.61   9.56   8.97  
 0.075  2965.   -2.17  4.32  0.312    1.000  13.85  13.04  10.53   9.49   8.91  
 0.080  2986.   -2.13  4.32  0.324    1.000  13.67  12.87  10.39   9.37   8.80  
 0.090  3023.   -2.06  4.32  0.342    1.000  13.36  12.55  10.16   9.17   8.63  
 0.100  3056.   -2.01  4.34  0.355    1.000  13.09  12.27   9.98   9.02   8.50  
 0.110  3086.   -1.95  4.34  0.373    1.000  12.82  11.98   9.78   8.85   8.35  
 0.130  3131.   -1.84  4.33  0.407    1.000  12.43  11.58   9.47   8.58   8.10  
 0.150  3169.   -1.76  4.33  0.438    0.999  12.13  11.26   9.22   8.36   7.89  
 0.170  3205.   -1.68  4.33  0.469    0.997  11.85  10.97   8.99   8.15   7.70  
 0.200  3252.   -1.59  4.33  0.508    0.985  11.51  10.63   8.72   7.90   7.47  
 0.300  3374.   -1.34  4.33  0.623    0.594  10.65   9.73   8.02   7.27   6.89  
 0.400  3498.   -1.17  4.34  0.707    0.000  10.00   9.02   7.51   6.83   6.49  
 0.500  3621.   -1.03  4.36  0.774    0.000   9.43   8.41   7.08   6.48   6.17  
 0.600  3748.   -0.91  4.37  0.834    0.001   8.93   7.87   6.71   6.17   5.89  
 0.700  3891.   -0.78  4.38  0.895    0.003   8.42   7.32   6.33   5.86   5.61  
 0.800  4054.   -0.65  4.38  0.955    0.021   7.95   6.79   5.96   5.55   5.32  
 0.900  4263.   -0.51  4.37  1.020    0.111   7.39   6.19   5.53   5.19   4.99  
 1.000  4530.   -0.35  4.36  1.092    0.318   6.68   5.59   5.06   4.78   4.60  
 1.100  4850.   -0.15  4.33  1.189    0.576   5.93   4.99   4.55   4.30   4.16  
 1.200  5264.    0.09  4.27  1.331    0.770   5.10   4.31   3.93   3.73   3.63  
 1.300  5754.    0.40  4.15  1.593    0.880   4.14   3.50   3.18   3.02   2.95  
 1.400  6422.    0.70  4.07  1.804    0.938   3.24   2.76   2.51   2.40   2.36  
!-----------------------------------------------------------------------------------------------



!  t (Gyr) =   0.0200
!-----------------------------------------------------------------------------------------------
! M/Ms  Teff     L/Ls   g    R/Rs   Li/Li0    g_p1        r_p1        i_p1        y_p1        z_p1
!-----------------------------------------------------------------------------------------------
 0.015  2209.   -3.15  4.10  0.181    1.000  20.38  18.15  15.12  13.09  11.77  
 0.020  2411.   -2.92  4.14  0.198    1.000  18.44  17.14  13.75  12.03  10.93  
 0.030  2555.   -2.84  4.34  0.194    1.000  17.48  16.43  13.08  11.58  10.64  
 0.040  2681.   -2.68  4.38  0.213    1.000  16.19  15.33  12.24  10.95  10.17  
 0.050  2811.   -2.52  4.40  0.233    1.000  15.44  14.37  11.60  10.45   9.75  
 0.060  2883.   -2.41  4.42  0.251    1.000  14.76  13.86  11.23  10.13   9.50  
 0.070  2940.   -2.31  4.42  0.271    1.000  14.28  13.44  10.90   9.85   9.26  
 0.072  2950.   -2.29  4.42  0.275    1.000  14.20  13.37  10.84   9.80   9.21  
 0.075  2964.   -2.27  4.42  0.279    1.000  14.09  13.26  10.76   9.73   9.15  
 0.080  2986.   -2.22  4.42  0.290    1.000  13.90  13.08  10.62   9.60   9.04  
 0.090  3025.   -2.15  4.42  0.306    1.000  13.58  12.75  10.39   9.41   8.87  
 0.100  3059.   -2.10  4.43  0.319    1.000  13.29  12.44  10.18   9.24   8.73  
 0.110  3090.   -2.03  4.43  0.336    0.999  13.00  12.14   9.98   9.06   8.57  
 0.130  3141.   -1.93  4.42  0.366    0.996  12.60  11.72   9.66   8.79   8.32  
 0.150  3182.   -1.84  4.42  0.396    0.987  12.28  11.38   9.40   8.55   8.10  
 0.170  3215.   -1.77  4.42  0.422    0.960  12.02  11.11   9.18   8.35   7.92  
 0.200  3263.   -1.67  4.41  0.460    0.852  11.67  10.76   8.89   8.09   7.67  
 0.300  3392.   -1.42  4.41  0.565    0.006  10.79   9.83   8.18   7.45   7.08  
 0.400  3500.   -1.25  4.42  0.643    0.000  10.18   9.19   7.70   7.03   6.69  
 0.500  3609.   -1.11  4.43  0.710    0.000   9.64   8.61   7.28   6.67   6.36  
 0.600  3733.   -0.98  4.44  0.771    0.000   9.12   8.05   6.89   6.35   6.07  
 0.700  3894.   -0.85  4.45  0.829    0.000   8.57   7.47   6.49   6.02   5.77  
 0.800  4102.   -0.69  4.44  0.895    0.009   8.03   6.81   6.02   5.63   5.41  
 0.900  4406.   -0.50  4.42  0.966    0.089   7.20   6.05   5.47   5.17   4.98  
 1.000  4793.   -0.28  4.39  1.057    0.308   6.28   5.31   4.85   4.60   4.46  
 1.100  5302.    0.01  4.32  1.198    0.575   5.28   4.51   4.13   3.93   3.83  
 1.200  5911.    0.35  4.21  1.430    0.770   4.22   3.61   3.31   3.16   3.10  
 1.300  6330.    0.41  4.30  1.340    0.880   3.97   3.46   3.20   3.09   3.05  
 1.400  6475.    0.50  4.28  1.415    0.938   3.73   3.25   3.01   2.90   2.87  
!-----------------------------------------------------------------------------------------------



!  t (Gyr) =   0.0250
!-----------------------------------------------------------------------------------------------
! M/Ms  Teff     L/Ls   g    R/Rs   Li/Li0    g_p1        r_p1        i_p1        y_p1        z_p1
!-----------------------------------------------------------------------------------------------
 0.015  2181.   -3.20  4.12  0.177    1.000  20.63  18.26  15.31  13.25  11.90  
 0.020  2306.   -3.12  4.27  0.172    1.000  19.67  17.75  14.57  12.66  11.44  
 0.030  2500.   -2.95  4.41  0.178    1.000  17.99  16.95  13.56  11.98  11.00  
 0.040  2655.   -2.76  4.45  0.196    1.000  16.68  15.69  12.54  11.20  10.38  
 0.050  2792.   -2.60  4.47  0.214    1.000  15.76  14.63  11.83  10.66   9.95  
 0.060  2874.   -2.48  4.49  0.231    1.000  15.01  14.07  11.42  10.33   9.69  
 0.070  2935.   -2.38  4.49  0.249    1.000  14.48  13.62  11.09  10.04   9.45  
 0.072  2946.   -2.36  4.49  0.253    1.000  14.39  13.55  11.03   9.99   9.40  
 0.075  2961.   -2.34  4.49  0.257    1.000  14.28  13.44  10.95   9.92   9.34  
 0.080  2985.   -2.30  4.49  0.266    1.000  14.08  13.25  10.80   9.79   9.23  
 0.090  3026.   -2.22  4.49  0.283    0.999  13.73  12.89  10.54   9.57   9.04  
 0.100  3061.   -2.16  4.50  0.295    0.998  13.43  12.56  10.34   9.40   8.89  
 0.110  3094.   -2.10  4.50  0.310    0.995  13.14  12.25  10.13   9.22   8.74  
 0.130  3148.   -2.00  4.49  0.338    0.974  12.73  11.82   9.81   8.94   8.48  
 0.150  3194.   -1.90  4.49  0.365    0.914  12.39  11.47   9.53   8.70   8.26  
 0.170  3228.   -1.83  4.48  0.391    0.774  12.12  11.20   9.31   8.50   8.07  
 0.200  3276.   -1.73  4.48  0.425    0.346  11.78  10.85   9.03   8.24   7.83  
 0.300  3410.   -1.48  4.48  0.521    0.000  10.89   9.91   8.31   7.60   7.23  
 0.400  3507.   -1.31  4.49  0.599    0.000  10.30   9.29   7.83   7.17   6.84  
 0.500  3604.   -1.18  4.49  0.662    0.000   9.79   8.75   7.43   6.82   6.52  
 0.600  3731.   -1.04  4.49  0.725    0.000   9.25   8.18   7.02   6.48   6.20  
 0.700  3916.   -0.88  4.49  0.789    0.000   8.62   7.52   6.56   6.10   5.85  
 0.800  4186.   -0.69  4.47  0.858    0.006   7.93   6.72   6.00   5.64   5.43  
 0.900  4601.   -0.45  4.45  0.938    0.084   6.88   5.82   5.31   5.04   4.87  
 1.000  5147.   -0.15  4.39  1.056    0.307   5.75   4.93   4.53   4.32   4.20  
 1.100  5796.    0.18  4.31  1.220    0.575   4.68   4.05   3.73   3.57   3.51  
 1.200  6102.    0.22  4.39  1.156    0.770   4.50   3.94   3.65   3.52   3.47  
 1.300  6271.    0.35  4.34  1.276    0.880   4.13   3.61   3.34   3.22   3.18  
 1.400  6622.    0.55  4.27  1.432    0.938   3.58   3.13   2.90   2.81   2.78  
!-----------------------------------------------------------------------------------------------



!  t (Gyr) =   0.0300
!-----------------------------------------------------------------------------------------------
! M/Ms  Teff     L/Ls   g    R/Rs   Li/Li0    g_p1        r_p1        i_p1        y_p1        z_p1
!-----------------------------------------------------------------------------------------------
 0.015  2139.   -3.26  4.15  0.171    1.000  20.95  18.41  15.59  13.48  12.10  
 0.020  2184.   -3.29  4.34  0.159    1.000  21.32  18.54  15.62  13.50  12.09  
 0.030  2448.   -3.05  4.47  0.167    1.000  18.71  17.24  13.93  12.24  11.18  
 0.040  2632.   -2.83  4.51  0.185    1.000  17.11  15.99  12.78  11.40  10.54  
 0.050  2755.   -2.68  4.53  0.200    1.000  15.99  14.97  12.08  10.88  10.16  
 0.060  2860.   -2.55  4.54  0.217    1.000  15.27  14.27  11.60  10.49   9.84  
 0.070  2925.   -2.45  4.55  0.233    1.000  14.71  13.82  11.27  10.20   9.61  
 0.072  2936.   -2.43  4.55  0.236    1.000  14.62  13.74  11.20  10.15   9.56  
 0.075  2952.   -2.40  4.55  0.241    1.000  14.49  13.61  11.11  10.07   9.49  
 0.080  2977.   -2.36  4.55  0.249    0.999  14.30  13.43  10.97   9.95   9.39  
 0.090  3020.   -2.28  4.55  0.264    0.997  13.94  13.07  10.71   9.73   9.19  
 0.100  3056.   -2.22  4.55  0.277    0.990  13.61  12.73  10.49   9.55   9.04  
 0.110  3089.   -2.16  4.56  0.289    0.973  13.32  12.43  10.29   9.38   8.90  
 0.130  3145.   -2.05  4.55  0.317    0.888  12.88  11.97   9.95   9.08   8.63  
 0.150  3193.   -1.96  4.55  0.342    0.653  12.53  11.60   9.67   8.84   8.40  
 0.170  3231.   -1.88  4.54  0.366    0.297  12.25  11.31   9.44   8.63   8.21  
 0.200  3279.   -1.78  4.54  0.398    0.008  11.90  10.96   9.16   8.37   7.97  
 0.300  3413.   -1.54  4.54  0.488    0.000  11.01  10.03   8.44   7.73   7.37  
 0.400  3508.   -1.36  4.54  0.564    0.000  10.42   9.40   7.95   7.30   6.96  
 0.500  3602.   -1.23  4.54  0.627    0.000   9.91   8.86   7.55   6.94   6.64  
 0.600  3739.   -1.08  4.54  0.692    0.000   9.33   8.25   7.10   6.57   6.29  
 0.700  3960.   -0.90  4.52  0.758    0.000   8.61   7.50   6.58   6.14   5.90  
 0.800  4320.   -0.66  4.50  0.834    0.005   7.70   6.52   5.90   5.57   5.37  
 0.900  4848.   -0.37  4.46  0.925    0.083   6.48   5.54   5.09   4.85   4.70  
 1.000  5520.   -0.03  4.39  1.053    0.307   5.30   4.59   4.24   4.06   3.98  
 1.100  5897.    0.07  4.44  1.045    0.575   4.91   4.30   4.00   3.85   3.79  
 1.200  6052.    0.19  4.41  1.133    0.770   4.59   4.02   3.73   3.59   3.54  
 1.300  6335.    0.38  4.33  1.287    0.880   4.06   3.55   3.29   3.17   3.13  
 1.400  6743.    0.56  4.29  1.400    0.938   3.53   3.11   2.89   2.80   2.78  
!-----------------------------------------------------------------------------------------------



!  t (Gyr) =   0.0400
!-----------------------------------------------------------------------------------------------
! M/Ms  Teff     L/Ls   g    R/Rs   Li/Li0    g_p1        r_p1        i_p1        y_p1        z_p1
!-----------------------------------------------------------------------------------------------
 0.015  1996.   -3.45  4.22  0.158    1.000  22.19  19.00  16.52  14.34  12.72  
 0.020  2005.   -3.52  4.42  0.144    1.000  22.25  19.06  16.62  14.44  12.82  
 0.030  2366.   -3.18  4.55  0.153    1.000  19.70  17.67  14.50  12.65  11.47  
 0.040  2581.   -2.95  4.59  0.167    1.000  17.86  16.58  13.28  11.80  10.88  
 0.050  2699.   -2.80  4.61  0.183    1.000  16.39  15.53  12.49  11.22  10.48  
 0.060  2830.   -2.65  4.63  0.196    1.000  15.71  14.63  11.91  10.77  10.10  
 0.070  2904.   -2.55  4.63  0.211    0.999  15.09  14.13  11.54  10.46   9.86  
 0.072  2916.   -2.53  4.63  0.214    0.998  15.00  14.05  11.48  10.40   9.81  
 0.075  2933.   -2.50  4.64  0.218    0.996  14.87  13.93  11.39  10.33   9.74  
 0.080  2961.   -2.45  4.63  0.225    0.993  14.65  13.72  11.23  10.19   9.62  
 0.090  3007.   -2.38  4.64  0.239    0.973  14.28  13.36  10.96   9.96   9.43  
 0.100  3046.   -2.31  4.64  0.250    0.906  13.93  13.01  10.74   9.78   9.27  
 0.110  3081.   -2.25  4.64  0.263    0.778  13.59  12.68  10.52   9.60   9.12  
 0.130  3138.   -2.14  4.64  0.287    0.288  13.13  12.21  10.18   9.31   8.86  
 0.150  3187.   -2.05  4.63  0.309    0.011  12.78  11.83   9.90   9.07   8.63  
 0.170  3229.   -1.97  4.63  0.330    0.000  12.48  11.53   9.67   8.86   8.44  
 0.200  3280.   -1.87  4.63  0.360    0.000  12.11  11.16   9.37   8.59   8.19  
 0.300  3410.   -1.62  4.62  0.443    0.000  11.23  10.23   8.65   7.94   7.59  
 0.400  3509.   -1.44  4.62  0.514    0.000  10.61   9.58   8.14   7.49   7.16  
 0.500  3606.   -1.29  4.61  0.580    0.000  10.06   9.00   7.70   7.10   6.80  
 0.600  3771.   -1.12  4.59  0.647    0.000   9.39   8.29   7.19   6.68   6.40  
 0.700  4084.   -0.88  4.56  0.723    0.000   8.51   7.30   6.50   6.10   5.88  
 0.800  4645.   -0.57  4.53  0.806    0.005   7.13   6.09   5.60   5.33   5.17  
 0.900  5301.   -0.25  4.49  0.892    0.083   5.92   5.15   4.77   4.57   4.47  
 1.000  5570.   -0.15  4.53  0.900    0.307   5.58   4.89   4.55   4.37   4.29  
 1.100  5822.    0.02  4.47  1.006    0.575   5.07   4.45   4.13   3.98   3.91  
 1.200  6090.    0.21  4.40  1.145    0.770   4.53   3.97   3.68   3.55   3.50  
 1.300  6413.    0.40  4.33  1.287    0.880   3.99   3.50   3.24   3.13   3.10  
 1.400  6757.    0.56  4.30  1.389    0.938   3.54   3.12   2.90   2.81   2.79  
!-----------------------------------------------------------------------------------------------



!  t (Gyr) =   0.0500
!-----------------------------------------------------------------------------------------------
! M/Ms  Teff     L/Ls   g    R/Rs   Li/Li0    g_p1        r_p1        i_p1        y_p1        z_p1
!-----------------------------------------------------------------------------------------------
 0.015  1760.   -3.74  4.29  0.146    1.000  22.66  19.48  17.33  15.59  14.34  
 0.020  1838.   -3.72  4.47  0.137    1.000  22.55  19.43  17.26  15.42  14.10  
 0.030  2304.   -3.28  4.60  0.144    1.000  20.23  17.98  14.93  12.97  11.75  
 0.040  2525.   -3.05  4.65  0.156    1.000  18.34  17.04  13.74  12.15  11.21  
 0.050  2671.   -2.88  4.67  0.170    1.000  16.92  15.91  12.80  11.47  10.69  
 0.060  2804.   -2.73  4.69  0.182    0.999  16.00  14.91  12.14  10.98  10.30  
 0.070  2882.   -2.63  4.70  0.195    0.992  15.42  14.40  11.77  10.67  10.05  
 0.072  2896.   -2.61  4.70  0.198    0.989  15.32  14.31  11.70  10.61  10.01  
 0.075  2916.   -2.57  4.70  0.202    0.982  15.16  14.17  11.59  10.52   9.93  
 0.080  2945.   -2.53  4.70  0.209    0.960  14.95  13.97  11.44  10.39   9.82  
 0.090  2996.   -2.45  4.70  0.221    0.862  14.55  13.60  11.16  10.15   9.61  
 0.100  3037.   -2.38  4.71  0.232    0.596  14.18  13.24  10.93   9.96   9.45  
 0.110  3073.   -2.32  4.71  0.244    0.248  13.82  12.89  10.71   9.78   9.29  
 0.130  3133.   -2.21  4.70  0.266    0.001  13.32  12.39  10.36   9.49   9.03  
 0.150  3182.   -2.13  4.70  0.285    0.000  12.97  12.02  10.09   9.25   8.82  
 0.170  3225.   -2.04  4.70  0.305    0.000  12.67  11.71   9.85   9.04   8.62  
 0.200  3280.   -1.94  4.70  0.332    0.000  12.28  11.32   9.54   8.76   8.36  
 0.300  3407.   -1.69  4.69  0.411    0.000  11.40  10.39   8.81   8.11   7.75  
 0.400  3512.   -1.50  4.68  0.479    0.000  10.75   9.71   8.29   7.64   7.31  
 0.500  3617.   -1.34  4.66  0.548    0.000  10.15   9.08   7.80   7.21   6.91  
 0.600  3821.   -1.13  4.63  0.621    0.000   9.36   8.24   7.21   6.71   6.45  
 0.700  4270.   -0.83  4.59  0.702    0.000   8.18   6.98   6.32   5.99   5.78  
 0.800  4938.   -0.49  4.56  0.776    0.005   6.72   5.82   5.38   5.15   5.02  
 0.900  5236.   -0.36  4.58  0.802    0.083   6.24   5.44   5.05   4.85   4.74  
 1.000  5536.   -0.17  4.53  0.895    0.307   5.63   4.93   4.58   4.41   4.32  
 1.100  5833.    0.03  4.47  1.013    0.574   5.05   4.42   4.11   3.96   3.89  
 1.200  6133.    0.23  4.40  1.150    0.770   4.48   3.93   3.65   3.52   3.47  
 1.300  6435.    0.40  4.34  1.283    0.880   3.98   3.49   3.24   3.13   3.10  
 1.400  6759.    0.56  4.30  1.389    0.938   3.53   3.12   2.90   2.81   2.79  
!-----------------------------------------------------------------------------------------------



!  t (Gyr) =   0.0800
!-----------------------------------------------------------------------------------------------
! M/Ms  Teff     L/Ls   g    R/Rs   Li/Li0    g_p1        r_p1        i_p1        y_p1        z_p1
!-----------------------------------------------------------------------------------------------
 0.030  2047.   -3.58  4.69  0.129    1.000  22.28  19.11  16.67  14.54  13.07  
 0.040  2387.   -3.26  4.76  0.138    1.000  19.90  17.82  14.70  12.86  11.76  
 0.050  2586.   -3.06  4.80  0.148    0.999  18.23  16.84  13.57  12.06  11.18  
 0.060  2709.   -2.92  4.82  0.158    0.985  16.82  15.88  12.84  11.55  10.81  
 0.070  2829.   -2.78  4.83  0.169    0.864  16.02  14.96  12.24  11.09  10.45  
 0.072  2845.   -2.76  4.83  0.171    0.801  15.93  14.87  12.17  11.03  10.40  
 0.075  2869.   -2.73  4.83  0.174    0.680  15.79  14.72  12.06  10.94  10.33  
 0.080  2905.   -2.69  4.83  0.179    0.407  15.58  14.49  11.89  10.80  10.21  
 0.090  2962.   -2.60  4.84  0.190    0.020  15.16  14.10  11.60  10.55  10.00  
 0.100  3010.   -2.54  4.84  0.198    0.000  14.78  13.75  11.35  10.35   9.82  
 0.110  3052.   -2.47  4.84  0.208    0.000  14.36  13.37  11.12  10.17   9.67  
 0.130  3120.   -2.36  4.84  0.227    0.000  13.72  12.78  10.74   9.85   9.40  
 0.150  3173.   -2.26  4.84  0.245    0.000  13.35  12.38  10.44   9.60   9.16  
 0.170  3217.   -2.18  4.83  0.261    0.000  13.03  12.05  10.19   9.38   8.96  
 0.200  3275.   -2.08  4.83  0.285    0.000  12.63  11.64   9.88   9.10   8.70  
 0.300  3406.   -1.82  4.81  0.355    0.000  11.72  10.69   9.13   8.43   8.08  
 0.400  3522.   -1.61  4.79  0.421    0.000  10.99   9.94   8.54   7.91   7.58  
 0.500  3668.   -1.40  4.75  0.496    0.000  10.21   9.12   7.92   7.36   7.07  
 0.600  4039.   -1.09  4.68  0.583    0.000   9.03   7.85   7.02   6.61   6.38  
 0.700  4497.   -0.83  4.68  0.636    0.000   7.93   6.81   6.27   5.98   5.80  
 0.800  4830.   -0.61  4.64  0.705    0.005   7.11   6.15   5.69   5.45   5.31  
 0.900  5212.   -0.37  4.59  0.799    0.082   6.27   5.47   5.08   4.88   4.77  
 1.000  5533.   -0.17  4.53  0.901    0.307   5.62   4.92   4.57   4.39   4.31  
 1.100  5876.    0.05  4.46  1.019    0.574   4.99   4.38   4.07   3.92   3.85  
 1.200  6164.    0.24  4.39  1.152    0.770   4.45   3.90   3.62   3.50   3.45  
 1.300  6451.    0.41  4.33  1.283    0.880   3.96   3.48   3.23   3.12   3.09  
 1.400  6766.    0.56  4.30  1.391    0.938   3.53   3.11   2.90   2.81   2.78  
!-----------------------------------------------------------------------------------------------



!  t (Gyr) =   0.1000
!-----------------------------------------------------------------------------------------------
! M/Ms  Teff     L/Ls   g    R/Rs   Li/Li0    g_p1        r_p1        i_p1        y_p1        z_p1
!-----------------------------------------------------------------------------------------------
 0.030  1912.   -3.74  4.73  0.124    1.000  22.56  19.43  17.22  15.27  13.89  
 0.040  2311.   -3.36  4.81  0.130    1.000  20.50  18.16  15.21  13.24  12.08  
 0.050  2525.   -3.15  4.85  0.139    0.999  18.79  17.27  14.02  12.40  11.48  
 0.060  2670.   -3.00  4.88  0.148    0.953  17.40  16.31  13.18  11.81  11.03  
 0.070  2794.   -2.87  4.89  0.158    0.587  16.31  15.29  12.50  11.32  10.66  
 0.072  2813.   -2.84  4.89  0.160    0.447  16.19  15.16  12.41  11.25  10.60  
 0.075  2839.   -2.81  4.89  0.162    0.233  16.07  15.01  12.30  11.16  10.52  
 0.080  2879.   -2.76  4.89  0.167    0.028  15.87  14.77  12.12  11.01  10.40  
 0.090  2942.   -2.68  4.90  0.176    0.000  15.46  14.35  11.82  10.75  10.19  
 0.100  2993.   -2.61  4.90  0.185    0.000  15.08  14.00  11.56  10.54  10.00  
 0.110  3038.   -2.54  4.91  0.194    0.000  14.64  13.62  11.32  10.35   9.84  
 0.130  3112.   -2.43  4.90  0.211    0.000  13.92  12.98  10.91  10.02   9.57  
 0.150  3167.   -2.33  4.90  0.227    0.000  13.53  12.56  10.61   9.77   9.33  
 0.170  3214.   -2.25  4.90  0.243    0.000  13.20  12.21  10.36   9.54   9.13  
 0.200  3272.   -2.14  4.89  0.265    0.000  12.80  11.80  10.04   9.26   8.87  
 0.300  3409.   -1.87  4.87  0.333    0.000  11.84  10.80   9.26   8.56   8.21  
 0.400  3529.   -1.65  4.84  0.399    0.000  11.08  10.02   8.64   8.01   7.69  
 0.500  3705.   -1.41  4.77  0.480    0.000  10.18   9.08   7.93   7.38   7.10  
 0.600  4100.   -1.09  4.71  0.564    0.000   9.03   7.79   7.01   6.62   6.40  
 0.700  4402.   -0.88  4.69  0.624    0.000   8.16   7.00   6.42   6.11   5.92  
 0.800  4826.   -0.61  4.64  0.707    0.005   7.11   6.15   5.69   5.45   5.30  
 0.900  5209.   -0.37  4.58  0.801    0.082   6.27   5.47   5.08   4.87   4.76  
 1.000  5541.   -0.16  4.53  0.903    0.307   5.61   4.91   4.56   4.38   4.30  
 1.100  5886.    0.05  4.46  1.020    0.574   4.98   4.36   4.06   3.91   3.85  
 1.200  6170.    0.24  4.39  1.153    0.770   4.44   3.90   3.62   3.49   3.44  
 1.300  6453.    0.41  4.33  1.284    0.880   3.96   3.48   3.23   3.12   3.09  
 1.400  6766.    0.56  4.30  1.393    0.938   3.52   3.11   2.89   2.81   2.78  
!-----------------------------------------------------------------------------------------------



!  t (Gyr) =   0.1200
!-----------------------------------------------------------------------------------------------
! M/Ms  Teff     L/Ls   g    R/Rs   Li/Li0    g_p1        r_p1        i_p1        y_p1        z_p1
!-----------------------------------------------------------------------------------------------
 0.030  1779.   -3.88  4.75  0.120    1.000  22.81  19.64  17.51  15.78  14.60  
 0.040  2225.   -3.46  4.84  0.125    1.000  21.67  18.75  15.93  13.83  12.56  
 0.050  2471.   -3.23  4.89  0.133    0.997  19.36  17.59  14.40  12.68  11.71  
 0.060  2635.   -3.06  4.92  0.141    0.901  17.91  16.66  13.46  12.02  11.21  
 0.070  2757.   -2.94  4.93  0.149    0.244  16.68  15.69  12.78  11.55  10.86  
 0.072  2780.   -2.91  4.94  0.151    0.111  16.49  15.49  12.66  11.46  10.79  
 0.075  2810.   -2.88  4.94  0.154    0.017  16.27  15.26  12.50  11.34  10.69  
 0.080  2853.   -2.83  4.94  0.158    0.000  16.09  15.01  12.32  11.18  10.57  
 0.090  2924.   -2.74  4.95  0.167    0.000  15.72  14.57  11.99  10.91  10.34  
 0.100  2978.   -2.67  4.95  0.175    0.000  15.32  14.20  11.73  10.69  10.15  
 0.110  3026.   -2.60  4.95  0.183    0.000  14.89  13.82  11.48  10.49   9.98  
 0.130  3105.   -2.48  4.95  0.199    0.000  14.08  13.13  11.06  10.16   9.70  
 0.150  3162.   -2.38  4.95  0.215    0.000  13.68  12.70  10.75   9.90   9.46  
 0.170  3210.   -2.30  4.95  0.229    0.000  13.34  12.35  10.49   9.67   9.26  
 0.200  3270.   -2.19  4.94  0.251    0.000  12.92  11.91  10.16   9.38   8.98  
 0.300  3411.   -1.91  4.91  0.318    0.000  11.94  10.89   9.36   8.66   8.31  
 0.400  3536.   -1.68  4.87  0.384    0.000  11.14  10.07   8.71   8.08   7.76  
 0.500  3727.   -1.42  4.79  0.471    0.000  10.17   9.06   7.93   7.40   7.13  
 0.600  4030.   -1.15  4.74  0.546    0.000   9.18   8.01   7.17   6.76   6.53  
 0.700  4400.   -0.88  4.69  0.626    0.000   8.16   7.00   6.41   6.10   5.92  
 0.800  4825.   -0.61  4.64  0.708    0.005   7.11   6.15   5.69   5.45   5.30  
 0.900  5208.   -0.37  4.58  0.801    0.082   6.27   5.47   5.08   4.87   4.76  
 1.000  5547.   -0.16  4.53  0.904    0.307   5.60   4.90   4.55   4.38   4.29  
 1.100  5889.    0.05  4.46  1.021    0.574   4.97   4.36   4.05   3.90   3.84  
 1.200  6172.    0.24  4.39  1.154    0.770   4.44   3.89   3.62   3.49   3.44  
 1.300  6455.    0.41  4.33  1.286    0.880   3.95   3.47   3.22   3.11   3.08  
 1.400  6767.    0.56  4.29  1.394    0.938   3.52   3.10   2.89   2.80   2.78  
!-----------------------------------------------------------------------------------------------



!  t (Gyr) =   0.2000
!-----------------------------------------------------------------------------------------------
! M/Ms  Teff     L/Ls   g    R/Rs   Li/Li0    g_p1        r_p1        i_p1        y_p1        z_p1
!-----------------------------------------------------------------------------------------------
 0.040  1940.   -3.78  4.93  0.114    1.000  22.68  19.51  17.31  15.36  14.02  
 0.050  2268.   -3.48  5.00  0.118    0.986  21.27  18.60  15.79  13.75  12.58  
 0.060  2488.   -3.28  5.03  0.123    0.466  19.47  17.65  14.49  12.77  11.84  
 0.070  2639.   -3.14  5.06  0.129    0.000  18.15  16.83  13.66  12.20  11.40  
 0.072  2664.   -3.11  5.06  0.131    0.000  17.88  16.65  13.52  12.11  11.33  
 0.075  2698.   -3.08  5.07  0.132    0.000  17.51  16.42  13.33  11.98  11.22  
 0.080  2756.   -3.02  5.08  0.136    0.000  16.99  15.93  13.01  11.76  11.06  
 0.090  2853.   -2.91  5.08  0.143    0.000  16.38  15.24  12.54  11.40  10.79  
 0.100  2926.   -2.83  5.08  0.151    0.000  16.00  14.79  12.21  11.12  10.56  
 0.110  2982.   -2.75  5.08  0.158    0.000  15.59  14.41  11.94  10.90  10.36  
 0.130  3076.   -2.62  5.07  0.173    0.000  14.62  13.60  11.44  10.51  10.04  
 0.150  3144.   -2.51  5.07  0.188    0.000  14.04  13.06  11.08  10.21   9.78  
 0.170  3198.   -2.41  5.05  0.203    0.000  13.65  12.64  10.78   9.95   9.54  
 0.200  3264.   -2.28  5.03  0.226    0.000  13.17  12.15  10.40   9.62   9.23  
 0.300  3414.   -1.98  4.98  0.294    0.000  12.09  11.03   9.51   8.82   8.48  
 0.400  3537.   -1.73  4.92  0.365    0.000  11.24  10.17   8.81   8.19   7.87  
 0.500  3701.   -1.46  4.82  0.453    0.000  10.31   9.20   8.05   7.51   7.23  
 0.600  3981.   -1.17  4.74  0.547    0.000   9.25   8.11   7.24   6.81   6.57  
 0.700  4390.   -0.88  4.68  0.630    0.000   8.17   7.00   6.41   6.10   5.91  
 0.800  4824.   -0.61  4.64  0.711    0.004   7.10   6.14   5.68   5.44   5.29  
 0.900  5207.   -0.37  4.58  0.804    0.082   6.27   5.46   5.07   4.86   4.75  
 1.000  5567.   -0.15  4.52  0.907    0.307   5.57   4.88   4.53   4.36   4.28  
 1.100  5895.    0.06  4.46  1.024    0.574   4.96   4.35   4.04   3.90   3.83  
 1.200  6177.    0.24  4.39  1.158    0.770   4.43   3.88   3.61   3.48   3.43  
 1.300  6456.    0.42  4.33  1.291    0.880   3.94   3.46   3.21   3.11   3.07  
 1.400  6766.    0.57  4.29  1.405    0.938   3.50   3.09   2.87   2.79   2.76  
!-----------------------------------------------------------------------------------------------



!  t (Gyr) =   0.3000
!-----------------------------------------------------------------------------------------------
! M/Ms  Teff     L/Ls   g    R/Rs   Li/Li0    g_p1        r_p1        i_p1        y_p1        z_p1
!-----------------------------------------------------------------------------------------------
 0.040  1667.   -4.09  4.97  0.108    1.000  23.36  20.03  17.93  16.26  15.24  
 0.050  2063.   -3.72  5.07  0.109    0.970  22.36  19.23  16.91  14.82  13.54  
 0.060  2331.   -3.48  5.12  0.112    0.084  20.83  18.36  15.52  13.50  12.39  
 0.070  2519.   -3.31  5.15  0.117    0.000  19.33  17.61  14.47  12.78  11.89  
 0.072  2552.   -3.28  5.15  0.118    0.000  19.11  17.45  14.29  12.66  11.80  
 0.075  2594.   -3.24  5.16  0.119    0.000  18.83  17.26  14.07  12.51  11.68  
 0.080  2660.   -3.17  5.16  0.122    0.000  18.16  16.80  13.68  12.24  11.46  
 0.090  2782.   -3.04  5.17  0.129    0.000  17.01  15.87  13.02  11.78  11.12  
 0.100  2874.   -2.94  5.17  0.137    0.000  16.49  15.27  12.59  11.45  10.86  
 0.110  2946.   -2.85  5.16  0.144    0.000  16.02  14.80  12.25  11.17  10.62  
 0.130  3055.   -2.69  5.14  0.161    0.000  14.97  13.90  11.66  10.70  10.22  
 0.150  3134.   -2.56  5.11  0.178    0.000  14.20  13.22  11.22  10.35   9.91  
 0.170  3192.   -2.45  5.09  0.194    0.000  13.77  12.75  10.88  10.06   9.64  
 0.200  3261.   -2.32  5.06  0.218    0.000  13.25  12.23  10.47   9.69   9.30  
 0.300  3415.   -1.99  4.99  0.290    0.000  12.11  11.05   9.54   8.85   8.51  
 0.400  3528.   -1.73  4.92  0.364    0.000  11.28  10.20   8.84   8.21   7.89  
 0.500  3689.   -1.46  4.82  0.455    0.000  10.33   9.22   8.06   7.51   7.23  
 0.600  3971.   -1.17  4.74  0.550    0.000   9.26   8.13   7.24   6.81   6.57  
 0.700  4388.   -0.88  4.68  0.632    0.000   8.17   7.00   6.41   6.10   5.91  
 0.800  4822.   -0.61  4.63  0.713    0.004   7.09   6.13   5.68   5.43   5.29  
 0.900  5209.   -0.37  4.58  0.806    0.081   6.26   5.45   5.06   4.86   4.75  
 1.000  5572.   -0.14  4.52  0.909    0.307   5.56   4.87   4.52   4.35   4.27  
 1.100  5898.    0.06  4.46  1.027    0.574   4.95   4.34   4.03   3.89   3.82  
 1.200  6179.    0.25  4.39  1.164    0.770   4.42   3.87   3.59   3.47   3.42  
 1.300  6456.    0.42  4.32  1.300    0.880   3.93   3.45   3.20   3.09   3.06  
 1.400  6761.    0.58  4.28  1.417    0.938   3.49   3.07   2.86   2.77   2.74  
!-----------------------------------------------------------------------------------------------



!  t (Gyr) =   0.4000
!-----------------------------------------------------------------------------------------------
! M/Ms  Teff     L/Ls   g    R/Rs   Li/Li0    g_p1        r_p1        i_p1        y_p1        z_p1
!-----------------------------------------------------------------------------------------------
 0.050  1836.   -3.96  5.10  0.104    0.957  22.82  19.69  17.56  15.67  14.48  
 0.060  2207.   -3.62  5.17  0.106    0.011  22.13  19.06  16.46  14.29  13.09  
 0.070  2419.   -3.43  5.20  0.110    0.000  20.30  18.10  15.13  13.25  12.28  
 0.072  2457.   -3.40  5.21  0.111    0.000  19.93  17.94  14.91  13.10  12.16  
 0.075  2508.   -3.35  5.21  0.112    0.000  19.46  17.72  14.62  12.91  12.01  
 0.080  2594.   -3.27  5.22  0.115    0.000  18.94  17.33  14.16  12.59  11.76  
 0.090  2726.   -3.13  5.22  0.122    0.000  17.65  16.38  13.38  12.05  11.31  
 0.100  2844.   -3.00  5.21  0.130    0.000  16.73  15.52  12.79  11.62  11.01  
 0.110  2929.   -2.89  5.19  0.139    0.000  16.21  14.96  12.38  11.29  10.73  
 0.130  3048.   -2.72  5.16  0.157    0.000  15.09  14.00  11.74  10.77  10.28  
 0.150  3131.   -2.58  5.13  0.175    0.000  14.25  13.27  11.26  10.39   9.95  
 0.170  3191.   -2.46  5.10  0.192    0.000  13.80  12.78  10.91  10.08   9.67  
 0.200  3260.   -2.32  5.07  0.217    0.000  13.27  12.24  10.49   9.71   9.32  
 0.300  3415.   -1.99  4.99  0.290    0.000  12.12  11.06   9.54   8.85   8.51  
 0.400  3526.   -1.73  4.91  0.366    0.000  11.28  10.20   8.83   8.20   7.88  
 0.500  3685.   -1.46  4.82  0.457    0.000  10.34   9.23   8.06   7.51   7.23  
 0.600  3969.   -1.17  4.73  0.551    0.000   9.26   8.13   7.24   6.81   6.57  
 0.700  4387.   -0.87  4.68  0.633    0.000   8.16   7.00   6.40   6.09   5.90  
 0.800  4821.   -0.61  4.63  0.714    0.004   7.09   6.13   5.67   5.43   5.28  
 0.900  5210.   -0.36  4.58  0.808    0.081   6.25   5.45   5.06   4.85   4.74  
 1.000  5574.   -0.14  4.52  0.911    0.307   5.55   4.86   4.52   4.34   4.26  
 1.100  5901.    0.06  4.45  1.032    0.574   4.94   4.33   4.02   3.87   3.81  
 1.200  6181.    0.25  4.38  1.171    0.770   4.40   3.86   3.58   3.45   3.41  
 1.300  6453.    0.43  4.32  1.308    0.880   3.92   3.44   3.19   3.08   3.05  
 1.400  6750.    0.58  4.27  1.430    0.938   3.48   3.06   2.84   2.76   2.73  
!-----------------------------------------------------------------------------------------------



!  t (Gyr) =   0.5000
!-----------------------------------------------------------------------------------------------
! M/Ms  Teff     L/Ls   g    R/Rs   Li/Li0    g_p1        r_p1        i_p1        y_p1        z_p1
!-----------------------------------------------------------------------------------------------
 0.050  1698.   -4.12  5.13  0.101    0.947  23.27  20.00  17.92  16.16  15.13  
 0.060  2082.   -3.76  5.20  0.102    0.001  22.30  19.25  16.93  14.72  13.47  
 0.070  2335.   -3.53  5.24  0.105    0.000  20.97  18.43  15.63  13.57  12.44  
 0.072  2378.   -3.49  5.25  0.106    0.000  20.69  18.29  15.41  13.44  12.41  
 0.075  2435.   -3.44  5.25  0.107    0.000  20.20  18.08  15.10  13.24  12.29  
 0.080  2539.   -3.34  5.25  0.111    0.000  19.32  17.62  14.51  12.84  11.97  
 0.090  2696.   -3.18  5.25  0.118    0.000  17.99  16.64  13.57  12.19  11.41  
 0.100  2828.   -3.03  5.23  0.127    0.000  16.87  15.66  12.90  11.71  11.09  
 0.110  2921.   -2.91  5.21  0.137    0.000  16.29  15.04  12.44  11.34  10.77  
 0.130  3046.   -2.72  5.16  0.156    0.000  15.13  14.04  11.76  10.79  10.30  
 0.150  3130.   -2.58  5.13  0.175    0.000  14.26  13.28  11.27  10.40   9.96  
 0.170  3191.   -2.46  5.10  0.192    0.000  13.80  12.79  10.91  10.09   9.67  
 0.200  3260.   -2.32  5.07  0.217    0.000  13.27  12.24  10.49   9.71   9.32  
 0.300  3415.   -1.99  4.99  0.290    0.000  12.12  11.05   9.54   8.85   8.51  
 0.400  3524.   -1.73  4.91  0.367    0.000  11.27  10.20   8.82   8.19   7.87  
 0.500  3682.   -1.46  4.82  0.457    0.000  10.34   9.24   8.06   7.51   7.23  
 0.600  3968.   -1.17  4.73  0.552    0.000   9.26   8.13   7.24   6.81   6.57  
 0.700  4386.   -0.87  4.68  0.634    0.000   8.16   6.99   6.40   6.09   5.90  
 0.800  4821.   -0.60  4.63  0.715    0.003   7.09   6.13   5.67   5.43   5.28  
 0.900  5211.   -0.36  4.57  0.810    0.080   6.25   5.44   5.05   4.85   4.74  
 1.000  5576.   -0.14  4.52  0.913    0.307   5.55   4.85   4.51   4.34   4.26  
 1.100  5904.    0.07  4.45  1.035    0.574   4.93   4.32   4.01   3.87   3.80  
 1.200  6182.    0.26  4.38  1.176    0.770   4.39   3.85   3.57   3.44   3.40  
 1.300  6451.    0.43  4.31  1.316    0.880   3.91   3.42   3.18   3.07   3.03  
 1.400  6742.    0.59  4.26  1.444    0.938   3.46   3.04   2.83   2.74   2.71  
!-----------------------------------------------------------------------------------------------



!  t (Gyr) =   0.6250
!-----------------------------------------------------------------------------------------------
! M/Ms  Teff     L/Ls   g    R/Rs   Li/Li0    g_p1        r_p1        i_p1        y_p1        z_p1
!-----------------------------------------------------------------------------------------------
 0.050  1555.   -4.29  5.14  0.099    0.938  24.06  20.68  18.57  16.55  15.52  
 0.060  1908.   -3.94  5.23  0.098    0.000  22.71  19.65  17.51  15.44  14.21  
 0.070  2248.   -3.63  5.28  0.101    0.000  21.79  18.87  16.28  14.10  12.91  
 0.072  2301.   -3.58  5.28  0.102    0.000  21.26  18.56  15.86  13.70  12.49  
 0.075  2370.   -3.52  5.28  0.103    0.000  20.79  18.35  15.50  13.50  12.45  
 0.080  2485.   -3.41  5.28  0.107    0.000  19.72  17.88  14.84  13.08  12.17  
 0.090  2671.   -3.21  5.27  0.115    0.000  18.29  16.85  13.75  12.32  11.53  
 0.100  2817.   -3.05  5.24  0.126    0.000  16.96  15.75  12.97  11.76  11.14  
 0.110  2917.   -2.92  5.21  0.136    0.000  16.34  15.08  12.47  11.36  10.80  
 0.130  3045.   -2.73  5.17  0.156    0.000  15.14  14.05  11.77  10.80  10.31  
 0.150  3130.   -2.58  5.13  0.174    0.000  14.27  13.28  11.28  10.40   9.96  
 0.170  3191.   -2.46  5.10  0.192    0.000  13.80  12.79  10.92  10.09   9.67  
 0.200  3260.   -2.32  5.07  0.217    0.000  13.27  12.24  10.49   9.71   9.32  
 0.300  3415.   -1.99  4.99  0.290    0.000  12.12  11.05   9.54   8.85   8.51  
 0.400  3522.   -1.72  4.91  0.369    0.000  11.27  10.19   8.82   8.18   7.86  
 0.500  3681.   -1.46  4.81  0.458    0.000  10.34   9.24   8.06   7.51   7.23  
 0.600  3969.   -1.17  4.73  0.552    0.000   9.26   8.12   7.24   6.80   6.56  
 0.700  4385.   -0.87  4.68  0.635    0.000   8.16   6.99   6.40   6.09   5.90  
 0.800  4821.   -0.60  4.63  0.716    0.003   7.09   6.12   5.67   5.42   5.28  
 0.900  5213.   -0.36  4.57  0.811    0.080   6.24   5.44   5.05   4.84   4.73  
 1.000  5580.   -0.14  4.51  0.916    0.307   5.54   4.84   4.50   4.33   4.25  
 1.100  5907.    0.07  4.44  1.040    0.574   4.92   4.31   4.00   3.85   3.79  
 1.200  6183.    0.26  4.37  1.183    0.770   4.37   3.83   3.56   3.43   3.38  
 1.300  6446.    0.44  4.31  1.327    0.880   3.89   3.41   3.16   3.05   3.02  
 1.400  6727.    0.59  4.25  1.462    0.938   3.45   3.02   2.81   2.72   2.69  
!-----------------------------------------------------------------------------------------------



!  t (Gyr) =   0.8000
!-----------------------------------------------------------------------------------------------
! M/Ms  Teff     L/Ls   g    R/Rs   Li/Li0    g_p1        r_p1        i_p1        y_p1        z_p1
!-----------------------------------------------------------------------------------------------
 0.060  1716.   -4.15  5.25  0.096    0.000  23.22  20.01  17.94  16.06  15.03  
 0.070  2136.   -3.75  5.31  0.097    0.000  22.26  19.25  16.87  14.60  13.39  
 0.072  2212.   -3.69  5.31  0.098    0.000  22.17  19.10  16.60  14.40  13.23  
 0.075  2294.   -3.61  5.32  0.100    0.000  21.38  18.62  15.96  13.77  12.55  
 0.080  2436.   -3.47  5.31  0.104    0.000  20.25  18.12  15.16  13.30  12.35  
 0.090  2656.   -3.24  5.28  0.114    0.000  18.47  16.97  13.87  12.40  11.60  
 0.100  2812.   -3.06  5.25  0.125    0.000  17.00  15.79  13.00  11.79  11.16  
 0.110  2915.   -2.92  5.22  0.135    0.000  16.35  15.09  12.49  11.37  10.81  
 0.130  3045.   -2.73  5.17  0.156    0.000  15.15  14.05  11.77  10.80  10.31  
 0.150  3130.   -2.58  5.13  0.174    0.000  14.27  13.28  11.28  10.40   9.96  
 0.170  3191.   -2.46  5.10  0.192    0.000  13.80  12.79  10.92  10.09   9.67  
 0.200  3260.   -2.32  5.07  0.217    0.000  13.27  12.24  10.49   9.71   9.32  
 0.300  3415.   -1.99  4.99  0.290    0.000  12.11  11.05   9.54   8.85   8.51  
 0.400  3521.   -1.72  4.90  0.371    0.000  11.26  10.19   8.81   8.18   7.86  
 0.500  3680.   -1.46  4.81  0.459    0.000  10.34   9.24   8.06   7.51   7.22  
 0.600  3968.   -1.17  4.73  0.553    0.000   9.26   8.12   7.23   6.80   6.56  
 0.700  4386.   -0.87  4.68  0.636    0.000   8.16   6.99   6.40   6.08   5.90  
 0.800  4823.   -0.60  4.63  0.718    0.003   7.08   6.12   5.66   5.42   5.27  
 0.900  5216.   -0.36  4.57  0.813    0.079   6.23   5.43   5.04   4.83   4.72  
 1.000  5586.   -0.13  4.51  0.920    0.306   5.52   4.83   4.49   4.32   4.24  
 1.100  5910.    0.08  4.44  1.046    0.574   4.90   4.29   3.99   3.84   3.78  
 1.200  6184.    0.27  4.36  1.193    0.770   4.36   3.81   3.54   3.41   3.36  
 1.300  6442.    0.45  4.29  1.345    0.880   3.87   3.38   3.13   3.02   2.99  
 1.400  6705.    0.61  4.24  1.491    0.938   3.42   3.00   2.78   2.68   2.66  
!-----------------------------------------------------------------------------------------------



!  t (Gyr) =   1.0000
!-----------------------------------------------------------------------------------------------
! M/Ms  Teff     L/Ls   g    R/Rs   Li/Li0    g_p1        r_p1        i_p1        y_p1        z_p1
!-----------------------------------------------------------------------------------------------
 0.060  1584.   -4.30  5.27  0.094    0.000  24.01  20.65  18.55  16.60  15.58  
 0.070  2047.   -3.85  5.33  0.094    0.000  22.53  19.42  17.17  14.94  13.73  
 0.072  2109.   -3.79  5.34  0.095    0.000  22.27  19.31  16.98  14.66  13.44  
 0.075  2243.   -3.67  5.34  0.097    0.000  21.89  18.93  16.39  14.18  13.00  
 0.080  2400.   -3.51  5.33  0.102    0.000  20.65  18.29  15.40  13.45  12.48  
 0.090  2648.   -3.25  5.29  0.113    0.000  18.56  17.04  13.93  12.44  11.64  
 0.100  2810.   -3.06  5.25  0.124    0.000  17.02  15.81  13.01  11.80  11.17  
 0.110  2915.   -2.92  5.22  0.135    0.000  16.36  15.09  12.49  11.38  10.81  
 0.130  3045.   -2.73  5.17  0.156    0.000  15.15  14.05  11.77  10.80  10.31  
 0.150  3130.   -2.58  5.13  0.174    0.000  14.27  13.28  11.28  10.40   9.96  
 0.170  3191.   -2.46  5.10  0.192    0.000  13.80  12.79  10.92  10.09   9.67  
 0.200  3261.   -2.32  5.07  0.217    0.000  13.27  12.24  10.49   9.71   9.32  
 0.300  3415.   -1.99  4.99  0.291    0.000  12.11  11.05   9.54   8.85   8.50  
 0.400  3520.   -1.72  4.90  0.372    0.000  11.26  10.19   8.81   8.17   7.85  
 0.500  3680.   -1.46  4.81  0.460    0.000  10.34   9.23   8.06   7.50   7.22  
 0.600  3967.   -1.16  4.73  0.554    0.000   9.25   8.12   7.23   6.80   6.56  
 0.700  4387.   -0.87  4.67  0.637    0.000   8.15   6.98   6.39   6.08   5.89  
 0.800  4826.   -0.60  4.63  0.719    0.002   7.07   6.11   5.65   5.41   5.27  
 0.900  5220.   -0.35  4.57  0.816    0.078   6.22   5.42   5.03   4.82   4.72  
 1.000  5592.   -0.13  4.51  0.923    0.306   5.50   4.82   4.47   4.30   4.22  
 1.100  5916.    0.09  4.43  1.054    0.574   4.88   4.27   3.97   3.82   3.76  
 1.200  6187.    0.28  4.36  1.204    0.770   4.33   3.79   3.52   3.39   3.34  
 1.300  6438.    0.46  4.28  1.363    0.880   3.84   3.35   3.11   3.00   2.96  
 1.400  6684.    0.62  4.22  1.521    0.938   3.40   2.96   2.74   2.65   2.62  
!-----------------------------------------------------------------------------------------------



!  t (Gyr) =   2.0000
!-----------------------------------------------------------------------------------------------
! M/Ms  Teff     L/Ls   g    R/Rs   Li/Li0    g_p1        r_p1        i_p1        y_p1        z_p1
!-----------------------------------------------------------------------------------------------
 0.070  1720.   -4.19  5.37  0.091    0.000  23.24  20.06  18.00  16.03  15.00  
 0.072  1811.   -4.09  5.38  0.091    0.000  22.91  19.83  17.75  15.67  14.58  
 0.075  2083.   -3.84  5.38  0.093    0.000  22.36  19.38  17.10  14.77  13.56  
 0.080  2348.   -3.57  5.35  0.099    0.000  21.04  18.46  15.70  13.61  12.51  
 0.090  2643.   -3.25  5.29  0.113    0.000  18.61  17.07  13.96  12.47  11.67  
 0.100  2810.   -3.06  5.25  0.124    0.000  17.02  15.81  13.01  11.80  11.17  
 0.110  2915.   -2.92  5.22  0.135    0.000  16.36  15.09  12.49  11.38  10.81  
 0.130  3045.   -2.73  5.17  0.156    0.000  15.14  14.05  11.77  10.80  10.31  
 0.150  3130.   -2.58  5.13  0.174    0.000  14.27  13.28  11.28  10.40   9.96  
 0.170  3191.   -2.46  5.10  0.192    0.000  13.80  12.79  10.91  10.09   9.67  
 0.200  3261.   -2.32  5.07  0.217    0.000  13.27  12.24  10.49   9.71   9.32  
 0.300  3415.   -1.98  4.98  0.293    0.000  12.10  11.04   9.52   8.83   8.49  
 0.400  3519.   -1.71  4.89  0.374    0.000  11.25  10.18   8.79   8.16   7.84  
 0.500  3679.   -1.45  4.81  0.462    0.000  10.33   9.23   8.05   7.49   7.21  
 0.600  3969.   -1.16  4.72  0.557    0.000   9.24   8.10   7.22   6.78   6.55  
 0.700  4396.   -0.86  4.67  0.640    0.000   8.12   6.96   6.37   6.06   5.87  
 0.800  4842.   -0.59  4.62  0.725    0.001   7.02   6.07   5.62   5.38   5.24  
 0.900  5244.   -0.33  4.56  0.827    0.073   6.16   5.37   4.98   4.78   4.67  
 1.000  5627.   -0.10  4.49  0.944    0.306   5.42   4.74   4.40   4.23   4.16  
 1.100  5945.    0.13  4.40  1.093    0.574   4.77   4.17   3.87   3.73   3.67  
 1.200  6202.    0.33  4.31  1.274    0.770   4.20   3.66   3.38   3.26   3.21  
 1.300  6403.    0.52  4.21  1.481    0.880   3.69   3.20   2.95   2.83   2.80  
 1.400  6464.    0.68  4.10  1.751    0.938   3.27   2.79   2.55   2.44   2.41  
!-----------------------------------------------------------------------------------------------



!  t (Gyr) =   3.0000
!-----------------------------------------------------------------------------------------------
! M/Ms  Teff     L/Ls   g    R/Rs   Li/Li0    g_p1        r_p1        i_p1        y_p1        z_p1
!-----------------------------------------------------------------------------------------------
 0.070  1650.   -4.27  5.38  0.090    0.000  23.67  20.39  18.32  16.37  15.36  
 0.072  1793.   -4.11  5.38  0.091    0.000  22.96  19.87  17.79  15.73  14.65  
 0.075  2052.   -3.87  5.39  0.092    0.000  22.52  19.44  17.19  14.92  13.72  
 0.080  2343.   -3.58  5.35  0.099    0.000  21.07  18.48  15.72  13.63  12.51  
 0.090  2644.   -3.25  5.29  0.113    0.000  18.61  17.07  13.96  12.46  11.67  
 0.100  2810.   -3.06  5.25  0.124    0.000  17.02  15.81  13.01  11.80  11.17  
 0.110  2915.   -2.92  5.22  0.135    0.000  16.36  15.09  12.49  11.37  10.81  
 0.130  3046.   -2.73  5.17  0.156    0.000  15.14  14.05  11.77  10.80  10.31  
 0.150  3131.   -2.58  5.13  0.174    0.000  14.26  13.28  11.27  10.40   9.96  
 0.170  3191.   -2.46  5.10  0.192    0.000  13.80  12.78  10.91  10.09   9.67  
 0.200  3261.   -2.32  5.07  0.217    0.000  13.26  12.23  10.48   9.70   9.31  
 0.300  3416.   -1.97  4.97  0.295    0.000  12.08  11.02   9.51   8.82   8.47  
 0.400  3520.   -1.71  4.89  0.375    0.000  11.24  10.17   8.79   8.15   7.83  
 0.500  3679.   -1.45  4.80  0.464    0.000  10.32   9.22   8.04   7.49   7.20  
 0.600  3974.   -1.15  4.72  0.559    0.000   9.22   8.09   7.21   6.77   6.53  
 0.700  4407.   -0.85  4.67  0.643    0.000   8.09   6.93   6.35   6.04   5.85  
 0.800  4859.   -0.57  4.61  0.731    0.001   6.98   6.04   5.59   5.35   5.21  
 0.900  5270.   -0.31  4.55  0.838    0.070   6.10   5.31   4.93   4.73   4.62  
 1.000  5661.   -0.06  4.47  0.966    0.306   5.33   4.66   4.33   4.16   4.09  
 1.100  5974.    0.17  4.36  1.143    0.574   4.65   4.06   3.76   3.61   3.56  
 1.200  6191.    0.39  4.25  1.366    0.770   4.05   3.51   3.24   3.11   3.07  
 1.300  6177.    0.56  4.11  1.671    0.880   3.63   3.09   2.81   2.68   2.64  
!-----------------------------------------------------------------------------------------------



!  t (Gyr) =   4.0000
!-----------------------------------------------------------------------------------------------
! M/Ms  Teff     L/Ls   g    R/Rs   Li/Li0    g_p1        r_p1        i_p1        y_p1        z_p1
!-----------------------------------------------------------------------------------------------
 0.070  1631.   -4.29  5.38  0.090    0.000  23.80  20.49  18.41  16.47  15.46  
 0.072  1790.   -4.12  5.38  0.091    0.000  22.98  19.88  17.80  15.74  14.66  
 0.075  2041.   -3.88  5.39  0.092    0.000  22.57  19.45  17.22  14.97  13.77  
 0.080  2343.   -3.58  5.35  0.099    0.000  21.08  18.48  15.73  13.63  12.51  
 0.090  2644.   -3.25  5.29  0.113    0.000  18.61  17.07  13.96  12.46  11.66  
 0.100  2811.   -3.06  5.25  0.124    0.000  17.02  15.81  13.01  11.80  11.17  
 0.110  2916.   -2.92  5.22  0.135    0.000  16.35  15.09  12.49  11.37  10.81  
 0.130  3046.   -2.73  5.17  0.156    0.000  15.14  14.05  11.77  10.80  10.31  
 0.150  3131.   -2.58  5.13  0.174    0.000  14.26  13.27  11.27  10.40   9.96  
 0.170  3192.   -2.46  5.10  0.192    0.000  13.79  12.78  10.91  10.08   9.67  
 0.200  3262.   -2.32  5.06  0.217    0.000  13.26  12.23  10.48   9.70   9.31  
 0.300  3416.   -1.97  4.97  0.297    0.000  12.06  11.01   9.49   8.80   8.46  
 0.400  3520.   -1.71  4.89  0.376    0.000  11.23  10.16   8.78   8.14   7.82  
 0.500  3680.   -1.45  4.80  0.465    0.000  10.31   9.21   8.03   7.48   7.19  
 0.600  3979.   -1.15  4.72  0.561    0.000   9.20   8.07   7.19   6.76   6.52  
 0.700  4418.   -0.85  4.66  0.646    0.000   8.06   6.90   6.33   6.02   5.83  
 0.800  4878.   -0.56  4.61  0.736    0.000   6.93   6.00   5.55   5.32   5.18  
 0.900  5297.   -0.29  4.53  0.850    0.068   6.03   5.26   4.88   4.68   4.58  
 1.000  5697.   -0.03  4.44  0.994    0.306   5.23   4.57   4.24   4.08   4.00  
 1.100  5996.    0.23  4.32  1.204    0.574   4.51   3.93   3.63   3.49   3.43  
 1.200  6053.    0.43  4.17  1.491    0.770   3.99   3.42   3.13   3.00   2.94  
!-----------------------------------------------------------------------------------------------



!  t (Gyr) =   5.0000
!-----------------------------------------------------------------------------------------------
! M/Ms  Teff     L/Ls   g    R/Rs   Li/Li0    g_p1        r_p1        i_p1        y_p1        z_p1
!-----------------------------------------------------------------------------------------------
 0.070  1627.   -4.30  5.38  0.090    0.000  23.83  20.52  18.43  16.49  15.48  
 0.072  1790.   -4.12  5.38  0.091    0.000  22.98  19.88  17.80  15.74  14.66  
 0.075  2038.   -3.89  5.39  0.091    0.000  22.59  19.46  17.23  14.99  13.79  
 0.080  2343.   -3.58  5.35  0.099    0.000  21.07  18.48  15.72  13.63  12.51  
 0.090  2644.   -3.25  5.29  0.113    0.000  18.60  17.07  13.95  12.46  11.66  
 0.100  2811.   -3.06  5.25  0.124    0.000  17.02  15.80  13.01  11.80  11.17  
 0.110  2916.   -2.92  5.22  0.135    0.000  16.35  15.09  12.49  11.37  10.81  
 0.130  3046.   -2.73  5.17  0.156    0.000  15.14  14.04  11.77  10.80  10.31  
 0.150  3131.   -2.58  5.13  0.175    0.000  14.26  13.27  11.27  10.40   9.96  
 0.170  3192.   -2.46  5.10  0.192    0.000  13.79  12.78  10.91  10.08   9.67  
 0.200  3262.   -2.32  5.06  0.218    0.000  13.25  12.23  10.48   9.70   9.31  
 0.300  3416.   -1.96  4.96  0.299    0.000  12.05  10.99   9.48   8.79   8.44  
 0.400  3521.   -1.71  4.89  0.377    0.000  11.23  10.15   8.77   8.14   7.82  
 0.500  3682.   -1.44  4.80  0.467    0.000  10.30   9.20   8.02   7.47   7.19  
 0.600  3984.   -1.15  4.72  0.562    0.000   9.19   8.05   7.18   6.75   6.51  
 0.700  4430.   -0.84  4.66  0.648    0.000   8.02   6.88   6.30   6.00   5.82  
 0.800  4896.   -0.55  4.60  0.742    0.000   6.89   5.96   5.52   5.28   5.15  
 0.900  5325.   -0.27  4.52  0.863    0.066   5.96   5.20   4.82   4.63   4.53  
 1.000  5732.    0.01  4.41  1.028    0.306   5.12   4.47   4.15   3.98   3.91  
 1.100  5971.    0.27  4.26  1.281    0.574   4.40   3.81   3.51   3.37   3.31  
!-----------------------------------------------------------------------------------------------



!  t (Gyr) =   8.0000
!-----------------------------------------------------------------------------------------------
! M/Ms  Teff     L/Ls   g    R/Rs   Li/Li0    g_p1        r_p1        i_p1        y_p1        z_p1
!-----------------------------------------------------------------------------------------------
 0.070  1626.   -4.30  5.38  0.090    0.000  23.84  20.52  18.43  16.50  15.49  
 0.072  1789.   -4.12  5.38  0.091    0.000  22.98  19.88  17.80  15.75  14.66  
 0.075  2036.   -3.89  5.39  0.091    0.000  22.60  19.46  17.23  14.99  13.79  
 0.080  2344.   -3.58  5.35  0.099    0.000  21.07  18.47  15.72  13.63  12.51  
 0.090  2645.   -3.25  5.29  0.113    0.000  18.60  17.06  13.95  12.46  11.66  
 0.100  2812.   -3.06  5.25  0.124    0.000  17.01  15.80  13.01  11.79  11.17  
 0.110  2917.   -2.92  5.22  0.135    0.000  16.35  15.08  12.48  11.37  10.81  
 0.130  3047.   -2.73  5.17  0.156    0.000  15.13  14.04  11.77  10.79  10.31  
 0.150  3132.   -2.58  5.13  0.175    0.000  14.26  13.27  11.27  10.39   9.95  
 0.170  3193.   -2.46  5.10  0.193    0.000  13.78  12.77  10.90  10.08   9.66  
 0.200  3264.   -2.31  5.06  0.219    0.000  13.23  12.21  10.46   9.68   9.29  
 0.300  3416.   -1.95  4.95  0.303    0.000  12.02  10.97   9.45   8.76   8.41  
 0.400  3522.   -1.70  4.88  0.379    0.000  11.21  10.14   8.76   8.13   7.81  
 0.500  3686.   -1.44  4.79  0.469    0.000  10.28   9.17   8.00   7.45   7.17  
 0.600  4001.   -1.13  4.71  0.566    0.000   9.13   8.00   7.14   6.72   6.48  
 0.700  4467.   -0.81  4.65  0.656    0.000   7.92   6.79   6.23   5.94   5.76  
 0.800  4958.   -0.50  4.58  0.761    0.000   6.74   5.84   5.41   5.18   5.05  
 0.900  5420.   -0.19  4.47  0.914    0.063   5.72   4.99   4.63   4.44   4.35  
 1.000  5772.    0.15  4.29  1.186    0.306   4.77   4.13   3.81   3.65   3.58  
!-----------------------------------------------------------------------------------------------



!  t (Gyr) =  10.0000
!-----------------------------------------------------------------------------------------------
! M/Ms  Teff     L/Ls   g    R/Rs   Li/Li0    g_p1        r_p1        i_p1        y_p1        z_p1
!-----------------------------------------------------------------------------------------------
 0.070  1626.   -4.30  5.38  0.090    0.000  23.84  20.52  18.43  16.50  15.49  
 0.072  1790.   -4.12  5.38  0.091    0.000  22.98  19.88  17.80  15.74  14.66  
 0.075  2037.   -3.89  5.39  0.091    0.000  22.59  19.46  17.23  14.99  13.79  
 0.080  2345.   -3.58  5.35  0.099    0.000  21.06  18.47  15.72  13.63  12.51  
 0.090  2646.   -3.25  5.29  0.113    0.000  18.59  17.06  13.94  12.46  11.66  
 0.100  2812.   -3.06  5.25  0.124    0.000  17.01  15.80  13.00  11.79  11.17  
 0.110  2917.   -2.92  5.22  0.135    0.000  16.34  15.08  12.48  11.37  10.80  
 0.130  3048.   -2.73  5.17  0.156    0.000  15.12  14.03  11.76  10.79  10.30  
 0.150  3133.   -2.58  5.13  0.175    0.000  14.25  13.26  11.26  10.39   9.95  
 0.170  3194.   -2.46  5.10  0.193    0.000  13.78  12.76  10.90  10.07   9.66  
 0.200  3265.   -2.31  5.05  0.220    0.000  13.22  12.20  10.45   9.67   9.28  
 0.300  3416.   -1.95  4.95  0.304    0.000  12.01  10.96   9.44   8.75   8.40  
 0.400  3524.   -1.70  4.88  0.380    0.000  11.20  10.13   8.75   8.12   7.80  
 0.500  3689.   -1.43  4.79  0.471    0.000  10.26   9.16   7.99   7.44   7.16  
 0.600  4013.   -1.12  4.71  0.569    0.000   9.11   7.96   7.11   6.69   6.46  
 0.700  4493.   -0.79  4.64  0.662    0.000   7.85   6.73   6.19   5.90   5.72  
 0.800  5002.   -0.47  4.56  0.776    0.000   6.63   5.75   5.32   5.10   4.97  
 0.900  5495.   -0.12  4.42  0.964    0.063   5.52   4.81   4.45   4.27   4.19  
!-----------------------------------------------------------------------------------------------
